0, -0.593, 1.581, 0.532, -1.262, -0.426, -0.715, -0.639, 1.292, -0.669, 2.098, -0.182, 2.113, -1.581, 2.356, 1.627, 0.669, 1.353, -0.821, 2.706, 0.319, -0.851, 0.912, 0.851, 1.216, 1.079, -0.41, -0.319, -1.034, -0.228, 2.509, 1.505, 1.718
500, 0.013, 0.104, 0.157, -0.233, -0.124, -1.784, -0.21, 0.296, -1.883, 0.104, -0.149, -0.155, -1.231, -0.367, -0.289, -0.464, -0.725, -0.583, 0.464, -0.56, -0.697, -0.859, 1.432, -0.598, 0.299, -1.079, -0.894, -0.17, -0.613, -0.35, -0.35, -0.046
1000, 1.27, 0.884, 0.313, -0.594, -0.51, -1.378, 0.613, -0.189, -1.469, -0.042, -0.084, 0.76, -0.367, -1.06, -0.225, -0.568, -0.117, -1.102, 0.337, -0.781, -0.655, -0.384, 0.388, 0.367, 0.377, -1.319, -0.622, 0.786, -0.164, 0.503, -0.629, -0.339
1500, 1.264, 0.17, 0.981, -0.289, -0.068, -1.219, -0.03, 0.573, -1.568, -0.076, -0.068, 0.664, 0.025, 0.421, 0.342, -0.167, 0.251, 0.4, 1.214, 0.02, -0.988, -0.286, 0.398, 0.266, 0.862, 0.038, 0.41, 0.588, 0.035, -0.808, -0.616, 0.243
2000, 1.13, 0.809, -0.03, -0.007, -0.865, -1.12, -0.075, -0.026, -0.458, -0.32, 0.229, 0.4, -0.421, -0.101, -0.561, -0.484, -0.54, -0.372, -0.005, -0.15, -1.326, 0.339, 1.258, 0.985, 0.444, -0.84, 0.844, -0.07, -0.002, -1.083, 0.201, -0.014
2500, 1.368, 0.479, -0.236, -0.046, -0.573, -1.313, -0.699, -0.18, -1.123, -0.132, 0.208, -1.034, -0.775, 0.165, -0.033, -0.051, -0.302, -1.477, -0.215, -0.312, -0.745, 0.015, 0.854, -0.063, 0.661, -0.2, -0.231, -0.568, -0.981, -0.066, -0.329, 0.603
3000, 0.816, 0.213, 0.154, -1.123, -0.437, -1.651, -0.646, 0.461, -0.344, 0.561, 0.416, 0.115, -1.312, 0.094, -0.299, -0.005, -0.961, -0.706, 0.821, -0.47, -1.188, 0.496, 0.685, -0.147, -0.9, -1.434, -1.085, -1.036, -0.512, -1.427, -0.905, -1.127
3500, 0.598, 1.66, 1.295, 1.667, 0.139, -0.456, 0.39, 1.234, 0.223, 1.259, 1.064, 2.433, 0.844, 2.942, 0.494, 1.414, 0.869, 0.385, 2.934, 0.367, 0.19, 1.102, 2.245, 0.925, -0.084, -1.356, -0.532, -0.4, -1.71, -0.965, -1.482, -0.416
4000, 5.583, 7.05, 4.715, 5.974, 5.702, 5.122, 4.217, 4.463, 5.019, 5.061, 5.541, 6.215, 4.692, 7.143, 6.271, 7.16, 6.224, 1.794, 7.597, 7.054, 4.617, 7.559, 8.72, 7.426, 1.892, -0.288, 1.254, 1.216, -0.143, -0.122, 0.91, 0.393
4500, 8.245, 8.752, 5.08, 8.136, 6.041, 7.921, 5.95, 5.98, 6.575, 6.765, 5.742, 8.747, 6.365, 10.683, 8.298, 13.001, 9.596, 1.513, 8.172, 7.589, 7.928, 11.679, 13.014, 11.818, 0.976, -1.933, -1.584, -0.58, 0.144, -0.801, -1.214, -0.717
5000, 14.237, 12.048, 10.116, 13.804, 11.306, 10.355, 10.881, 10.17, 10.85, 9.218, 10.273, 13.098, 10.453, 14.609, 11.592, 19.9, 11.639, 3.424, 12.022, 12.153, 13.847, 15.591, 15.397, 17.423, 0.007, -0.968, 0.073, 0.161, 0.4, 0.089, 0.133, 0.629
5500, 15.814, 14.637, 11.391, 14.347, 10.539, 13.063, 10.895, 12.223, 11.901, 10.336, 10.355, 14.911, 10.951, 17.996, 12.139, 21.918, 12.874, 1.904, 12.977, 13.243, 13.671, 17.526, 12.015, 19.752, 0.288, -0.737, -0.531, 0.334, 0.503, -0.938, 0.615, -0.103
6000, 17.055, 14.615, 10.594, 13.766, 12.434, 11.866, 12.401, 10.244, 11.846, 9.961, 11.724, 14.273, 10.792, 17.62, 12.849, 19.452, 16.019, 2.501, 13.774, 14.443, 15.528, 17.283, 11.937, 19.653, 1.128, -0.284, -0.965, 0.01, 0.502, -0.418, 0.314, 0.281
6500, 17.757, 15.413, 11.618, 15.535, 13.136, 13.592, 12.857, 11.397, 12.715, 12.14, 12.563, 14.983, 12.7, 19.027, 12.107, 20.334, 18.614, 5.934, 13.989, 14.397, 14.463, 17.448, 15.72, 21.72, 0.177, -0.824, 0.043, -0.241, -0.076, -0.57, 0.55, 0.132
7000, 18.826, 16.564, 11.887, 16.179, 15.093, 15.715, 13.98, 12.338, 14.282, 13.138, 13.875, 17.067, 14.651, 20.29, 13.961, 24.348, 16.735, 2.503, 16.373, 16.527, 17.998, 20.606, 16.078, 22.435, 0.741, -0.625, 0.788, 0.33, -0.36, -0.042, -0.65, 0.143
7500, 18.984, 17.316, 12.913, 16.533, 16.257, 15.636, 14.722, 13.305, 15.198, 14.291, 13.848, 17.841, 13.503, 19.399, 14.309, 25.329, 17.185, 2.06, 14.739, 17.613, 15.953, 18.652, 18.594, 23.035, 0.193, -1.637, -0.304, -1.166, -0.707, -1.128, -0.864, -0.651
8000, 19.937, 18.022, 12.415, 18.885, 16.681, 15.482, 15.924, 13.105, 14.382, 12.577, 15.299, 18.085, 14.394, 20.054, 15.409, 24.222, 17.123, 8.359, 15.91, 17.063, 16.148, 18.183, 24.437, 25.862, 0.734, -0.175, 0.007, 0.414, 0.795, 0.014, 0.159, 0.344
8500, 20.175, 19.09, 12.266, 18.246, 15.715, 16.485, 17.337, 15.492, 15.885, 14.081, 15.142, 19.668, 16.052, 21.837, 17.646, 23.063, 17.489, 8.79, 16.536, 19.724, 17.342, 21.718, 26.226, 25.05, 0.935, -0.504, 0.428, 0.722, 0.742, 0.276, 1.351, 0.742
9000, 21.9, 22.267, 14.326, 19.893, 16.52, 17.818, 18.695, 16.019, 16.48, 14.663, 16.319, 20.162, 17.072, 22.337, 19.058, 25.02, 17.61, 11.115, 19.303, 22.019, 19.217, 21.13, 21.35, 25.824, 1.13, -1.307, -0.999, 0.175, 0.662, -0.056, 0.115, -0.491
9500, 22.247, 25.275, 12.543, 22.422, 19.298, 18.229, 20.788, 15.963, 17.808, 15.913, 16.706, 22.359, 17.466, 23.826, 16.63, 23.428, 18.15, 8.301, 18.381, 24.599, 20.811, 19.191, 25.714, 28.544, 1.33, -0.342, -0.74, 0.522, -0.595, -0.854, 0.291, 0.844
10000, 23.343, 26.334, 10.362, 21.717, 17.563, 16.113, 23.151, 13.402, 17.788, 15.605, 17.163, 21.1, 17.818, 22.615, 19.229, 20.445, 18.765, 13.442, 19.069, 22.629, 16.265, 16.249, 25.607, 26.526, -0.234, -1.223, -1.272, 0.101, -0.543, -0.068, 0.281, 0.073
10500, 19.805, 26.73, 9.472, 20.735, 16.389, 17.091, 23.464, 14.451, 17.854, 15.398, 18.697, 22.336, 17.55, 23.023, 22.754, 22.425, 19.103, 11.81, 16.734, 21.52, 16.113, 17.106, 26.829, 23.403, 0.271, -0.854, -0.851, -0.005, 0.213, -0.388, -0.314, 0.119
11000, 23.895, 28.14, 11.239, 23.537, 16.005, 17.795, 24.058, 16.26, 20.849, 17.446, 19.1, 23.981, 18.665, 26.379, 21.727, 23.764, 19.818, 11.959, 19.928, 24.241, 16.581, 17.973, 27.057, 24.854, 0.306, 0.358, 0.206, 0.629, 0.393, -0.115, 0.765, 1.378
11500, 23.828, 27.313, 11.2, 21.214, 17.096, 19.498, 26.451, 15.312, 19.995, 18.543, 20.588, 24.477, 19.414, 26.398, 22.518, 25.078, 20.235, 10.759, 20.76, 27.148, 20.253, 19.719, 25.377, 24.13, 1.161, -0.013, -0.279, 0.53, 0.357, 0.383, 0.803, 0.54
12000, 21.942, 27.115, 11.842, 24.248, 16.932, 19.64, 25.869, 12.937, 21.521, 17.996, 20.314, 25.558, 18.571, 25.997, 23.071, 22.847, 18.298, 12.602, 20.559, 22.264, 19.961, 17.762, 26.477, 26.837, -0.138, -0.683, -1.111, -0.341, -0.306, -0.18, 0.22, -0.625
12500, 25.425, 28.141, 9.667, 23.588, 17.509, 18.984, 26.659, 16.952, 21.335, 18.67, 19.947, 22.65, 18.925, 27.059, 23.19, 21.578, 21.442, 16.427, 20.261, 21.979, 17.615, 17.415, 27.979, 25.592, 0.162, -0.879, -0.689, -0.279, -0.651, -0.588, 0.048, -0.22
13000, 28.161, 28.699, 11.437, 25.441, 19.254, 22.954, 29.188, 16.464, 23.048, 20.162, 22.484, 26.215, 21.362, 28.998, 24.239, 25.944, 20.262, 16.824, 22.557, 26.987, 19.451, 19.64, 31.129, 29.405, 0.809, -0.919, 0.704, 0.508, 0.248, -0.334, -0.15, 0.54
13500, 26.035, 31.364, 13.037, 26.258, 18.348, 21.018, 29.355, 17.499, 21.495, 21.006, 20.973, 26.557, 22.987, 28.949, 24.406, 25.856, 21.439, 18.383, 23.927, 27.827, 19.186, 19.582, 33.031, 25.982, 0.213, -0.367, -0.884, -0.621, -0.18, -0.578, -0.441, -0.636
14000, 23.092, 33.18, 12.008, 24.622, 18.585, 21.266, 29.454, 15.0, 24.599, 19.989, 21.946, 26.795, 21.168, 29.377, 25.436, 26.9, 18.609, 13.596, 22.459, 25.951, 19.451, 19.876, 32.334, 24.098, 0.697, -0.912, -0.033, -0.381, -1.221, -0.739, -0.356, 0.341
14500, 27.15, 31.767, 12.728, 25.959, 18.555, 21.553, 29.621, 15.634, 23.611, 20.846, 23.309, 27.594, 21.145, 30.34, 27.989, 26.132, 21.518, 18.999, 24.637, 26.684, 17.134, 20.793, 29.981, 24.449, 0.573, -0.877, -0.091, -0.243, -0.223, -0.547, -0.507, -0.051
15000, 25.34, 28.145, 11.702, 23.82, 17.247, 23.626, 31.124, 14.123, 21.563, 19.165, 22.134, 26.482, 23.198, 33.41, 24.253, 23.322, 22.225, 17.107, 20.536, 27.539, 22.639, 19.505, 27.253, 25.712, 0.805, -0.271, -0.075, 0.384, -0.005, -0.519, 0.627, 0.758
15500, 20.101, 19.969, 9.147, 23.02, 16.604, 22.539, 28.886, 7.738, 16.609, 15.763, 19.024, 23.565, 23.0, 31.998, 18.761, 20.104, 14.821, 12.272, 18.827, 29.674, 24.672, 16.118, 22.361, 19.964, 0.132, -1.5, -0.003, -0.575, -0.884, -0.236, -0.998, 0.846
16000, 13.019, 15.989, 8.816, 22.435, 18.312, 25.116, 31.117, 3.469, 13.472, 16.504, 18.812, 21.72, 25.118, 31.506, 11.108, 17.07, 14.679, 13.376, 19.418, 26.044, 23.275, 11.056, 18.791, 17.502, 0.704, -1.01, -0.632, 0.023, -1.02, -1.406, -0.007, 0.533
16500, 10.812, 12.37, 9.788, 23.97, 20.694, 24.029, 28.82, 1.437, 12.142, 17.732, 20.177, 26.613, 26.223, 34.055, 8.831, 17.296, 15.37, 12.634, 19.997, 31.296, 26.134, 9.819, 17.659, 17.083, 0.791, -0.375, 0.071, 0.058, -0.337, -0.844, 0.281, 0.157
17000, 10.785, 16.901, 10.488, 24.613, 19.273, 23.455, 27.127, 1.329, 12.039, 17.788, 20.606, 27.649, 26.891, 33.393, 4.554, 15.489, 15.907, 12.008, 20.241, 30.65, 25.417, 7.316, 14.937, 16.284, 0.47, -1.233, -0.196, -0.524, 0.412, -0.931, -0.194, 0.498
17500, 9.494, 16.265, 10.65, 25.374, 20.063, 25.475, 25.628, 0.228, 11.344, 15.682, 20.785, 27.204, 26.722, 32.314, 6.165, 16.838, 16.501, 15.946, 19.384, 33.064, 27.49, 6.667, 15.718, 15.517, 0.509, -0.53, -0.008, -0.193, 0.071, -0.689, 0.77, -0.167
18000, 10.75, 16.555, 11.866, 25.799, 19.404, 24.522, 25.595, 0.426, 12.979, 15.734, 20.564, 26.535, 28.528, 33.569, 7.831, 17.528, 15.881, 9.889, 19.83, 29.008, 27.904, 8.493, 16.405, 17.402, 0.021, -0.26, -0.288, -0.494, -0.491, -0.103, -0.606, -0.877
18500, 7.399, 15.426, 9.902, 25.901, 20.524, 25.344, 26.628, 0.241, 12.292, 16.153, 19.123, 24.421, 26.773, 33.508, 8.582, 16.077, 16.219, 14.795, 19.417, 29.575, 25.313, 6.882, 16.812, 17.045, 0.669, -0.839, -1.361, -0.661, -0.481, -1.713, -0.403, -0.588
19000, 14.63, 9.201, 12.609, 20.732, 19.46, 18.263, 24.486, -0.744, 16.695, 11.416, 20.594, 16.546, 24.482, 23.116, 15.117, 12.191, 20.014, 0.772, 17.692, 22.101, 23.986, 4.935, 23.013, 11.999, -0.667, -0.898, -0.66, -0.309, -0.187, -0.365, -0.812, -0.884
19500, 20.448, 10.427, 11.273, 14.017, 18.763, 11.843, 19.701, -0.945, 19.174, 9.373, 19.166, 12.218, 21.652, 14.301, 16.67, 9.923, 21.485, -3.803, 17.641, 13.498, 19.452, 2.944, 26.362, 8.585, 0.884, -1.71, -0.73, -1.163, -0.408, -0.636, -0.35, -0.334
20000, 22.241, 6.713, 9.356, 10.24, 19.331, 8.736, 17.825, -1.46, 20.171, 6.303, 19.048, 7.274, 20.218, 9.555, 19.481, 6.065, 20.564, -4.322, 18.319, 8.432, 18.896, 3.087, 24.634, 3.864, 0.29, -0.987, -0.755, -1.139, -1.649, -0.18, -0.012, -0.213
20500, 23.094, 3.96, 12.282, 4.966, 20.993, 6.137, 14.897, -1.267, 20.19, 4.971, 20.03, 6.844, 20.045, 5.749, 19.549, 3.963, 20.717, -4.495, 18.148, 6.102, 19.143, 2.417, 23.575, 3.76, 0.079, -0.061, -0.205, -0.218, 0.385, 0.393, -0.633, -0.058
21000, 23.782, 0.926, 12.357, 3.901, 22.019, 3.017, 13.978, -0.465, 22.042, 3.567, 19.037, 3.735, 20.868, 5.34, 21.82, 1.291, 23.705, -3.67, 19.03, 4.451, 18.508, -0.196, 26.54, 0.43, -0.594, -1.043, -0.781, -0.877, -0.613, -0.351, -0.706, 0.601
21500, 24.155, 0.279, 13.784, 2.453, 22.524, 1.883, 15.685, -1.325, 20.963, 2.681, 19.394, 2.977, 19.772, 4.264, 20.448, 0.862, 22.577, -3.117, 20.55, 1.591, 19.359, 1.267, 24.305, -0.068, 0.492, -0.981, -0.226, -0.575, -0.314, -0.099, 0.137, 0.646
22000, 23.083, -0.393, 14.778, 1.509, 22.615, 1.13, 15.542, -0.274, 19.568, 2.87, 20.106, 2.458, 20.676, 3.726, 24.094, 0.938, 23.49, -2.849, 19.57, 1.541, 19.308, -0.108, 25.279, 0.073, 0.657, -0.646, 0.229, 0.737, -0.62, -0.971, 0.323, 0.306
22500, 20.382, -2.121, 15.492, -0.844, 24.756, -1.817, 13.86, -1.252, 18.282, -0.312, 18.763, 1.247, 22.503, 0.791, 21.677, -1.873, 22.116, -4.186, 19.328, 0.393, 18.165, -2.131, 22.404, -1.956, -0.849, -1.693, -0.91, -0.327, -0.922, -1.378, -1.275, -1.014
23000, 18.754, -1.619, 16.532, 0.83, 23.333, -1.024, 16.05, -0.098, 18.962, 0.489, 20.894, 1.789, 25.481, 1.513, 23.773, -0.437, 23.733, -3.017, 21.219, 0.096, 19.736, -0.606, 25.962, -0.936, 0.688, -0.959, -0.236, 0.161, -0.596, -0.065, 0.603, 0.203
23500, 21.855, -2.139, 16.123, -1.343, 22.762, -1.824, 14.504, -0.228, 19.891, -0.129, 19.47, 0.953, 24.751, 0.565, 22.212, -1.715, 25.057, -2.982, 20.973, -0.388, 21.155, -0.436, 26.025, -0.57, -0.043, -1.237, -0.294, -0.266, -0.312, 0.585, 0.307, -0.058
24000, 14.618, -3.057, 18.047, -0.589, 19.432, -1.836, 11.26, 0.218, 22.433, 0.458, 15.912, 0.365, 21.605, 0.978, 25.006, -1.651, 18.866, -2.507, 17.371, -0.501, 22.597, -0.706, 21.062, -1.118, 0.917, -1.148, -0.772, -0.049, -0.154, 0.444, 0.487, 0.426
24500, 10.242, -2.283, 17.342, -0.365, 12.107, 1.335, 7.123, 1.427, 24.571, 0.461, 11.886, 2.387, 13.559, 0.616, 26.299, -1.994, 13.84, -1.475, 12.583, 0.114, 23.291, -1.538, 13.237, 0.993, 0.127, -0.365, 0.03, -0.122, -0.023, -0.735, -0.54, -0.071
25000, 6.954, -3.188, 16.967, -0.936, 8.495, 6.058, 4.72, -0.83, 21.38, -0.943, 9.049, 7.864, 7.344, -0.475, 26.367, -3.036, 8.427, -2.744, 8.799, -1.761, 21.362, -3.092, 9.035, 2.828, -0.461, -1.616, -1.579, -1.523, -0.77, -0.772, -0.587, -0.664
25500, 3.193, -1.498, 18.353, -1.003, 4.389, 15.695, 3.036, 0.144, 24.082, -0.383, 7.336, 16.751, 5.116, -0.715, 26.879, -1.528, 5.156, -1.128, 4.837, -2.012, 21.969, -2.377, 6.933, 11.101, -0.319, -0.976, -1.688, 0.117, -0.347, -0.274, -0.337, 0.056
26000, 0.762, -1.307, 16.342, -2.821, 0.089, 21.979, 2.858, -0.194, 23.563, -0.861, 4.287, 23.967, 2.571, -1.392, 26.519, -1.848, 2.952, 3.48, 4.685, -1.752, 22.192, -2.603, 3.922, 19.561, -1.027, -1.862, -1.916, -0.653, -0.257, -0.828, -0.685, -0.29
26500, -0.258, -0.927, 16.604, -4.13, -1.609, 22.356, 0.601, -1.029, 22.46, -0.152, 0.732, 25.399, 0.499, -3.256, 24.675, -3.362, 0.21, 6.393, 1.606, -2.866, 20.679, -4.741, 2.166, 25.045, -0.682, -2.103, -1.604, -0.58, -1.229, -2.301, -1.774, -0.826
27000, 0.999, -1.226, 17.923, -2.837, -1.041, 24.43, 0.269, -0.531, 22.999, -1.191, 0.664, 27.616, 0.047, -2.418, 25.836, -2.825, -0.468, 12.513, 2.414, -2.627, 21.006, -3.665, 2.161, 26.818, 0.168, -1.99, -0.919, -0.947, -0.662, -1.492, -0.805, 0.456
27500, 0.573, -1.3, 19.022, -2.582, -0.877, 25.676, 0.894, -0.261, 23.651, -0.836, 0.507, 26.476, -0.742, -1.548, 24.9, -2.316, -1.249, 18.898, 1.916, -3.117, 21.923, -3.981, 1.067, 25.967, 0.968, -1.774, -0.811, -0.91, -0.747, -0.041, -0.958, 0.119
28000, -0.451, 0.199, 19.872, -2.021, -1.782, 25.621, 0.795, 0.306, 23.897, -1.827, -0.945, 28.465, -1.146, -1.553, 25.661, -2.332, -1.726, 20.447, 1.913, -3.01, 21.341, -2.362, 0.262, 24.632, 0.636, -1.02, -0.695, -0.318, 0.374, -0.65, 0.592, 0.547
28500, 0.266, 0.264, 20.035, -1.485, -2.318, 26.398, 0.19, -0.332, 25.037, -1.173, -1.383, 28.283, -1.168, -1.358, 25.374, -1.726, -2.767, 22.741, 0.365, -3.071, 21.705, -2.318, 0.545, 29.195, -0.319, -1.295, -0.821, -1.49, -1.079, 0.281, -0.902, 0.324
29000, 0.353, -0.454, 18.433, -2.91, -2.063, 21.205, -0.285, -0.449, 22.18, -0.685, -1.562, 29.84, -1.116, -1.768, 25.127, -3.146, -2.931, 16.766, -0.133, -2.283, 20.244, -3.436, -0.54, 24.292, 0.065, -1.088, -0.274, -0.451, -0.288, -0.363, -0.491, -0.8
29500, -0.431, 0.53, 11.641, -0.671, -0.677, 15.657, -0.188, 0.177, 16.891, 0.35, -1.429, 33.774, -1.662, -1.647, 16.82, -0.981, -2.296, 6.208, 1.358, -1.819, 14.529, -2.8, 0.236, 16.916, 0.177, -1.594, -1.171, -0.165, -1.247, -0.641, 0.641, 0.106
30000, 0.402, 0.009, 8.717, 1.796, -0.353, 8.799, -0.222, 0.295, 14.623, 0.657, -1.02, 33.625, -1.064, -1.088, 11.959, 1.492, -1.336, 1.296, 4.769, -2.839, 10.158, -1.829, 3.478, 11.994, 1.043, -0.903, -0.936, -0.332, 0.145, -0.096, 0.206, 0.234
30500, 0.008, -0.489, 5.861, 10.27, -2.387, 3.786, -1.391, 4.465, 10.333, -1.946, -1.52, 31.962, -2.111, -1.976, 7.346, 5.856, -1.809, -1.601, 8.055, -4.014, 5.942, -3.101, 9.948, 7.257, -0.601, -1.933, -2.045, -0.697, -0.894, -1.503, -0.758, -0.111
31000, 0.218, 0.009, 2.837, 19.1, -2.54, 3.485, -0.068, 13.587, 6.769, -0.325, -1.93, 35.314, -2.856, -2.054, 6.729, 15.823, -2.103, -3.225, 18.581, -4.327, 4.051, -4.687, 21.158, 5.125, -0.945, -1.35, -1.326, -0.716, -1.134, -0.58, -0.288, -0.281
31500, -0.073, -0.522, 0.58, 31.643, -2.225, 2.734, 0.461, 19.686, 1.226, 0.051, -2.045, 34.737, -2.506, -1.835, 4.107, 27.216, -2.478, -3.383, 27.487, -3.768, 2.853, -3.297, 29.59, 4.216, 0.59, -0.818, -0.682, 0.317, 0.068, -0.279, -0.081, -0.058
32000, -0.723, -0.517, -1.305, 34.829, -0.414, 1.38, -0.842, 25.946, -1.144, -1.123, -1.569, 35.987, -3.377, -1.046, 2.76, 31.298, -2.325, -2.933, 30.126, -4.315, 1.6, -3.001, 34.956, 0.594, 0.143, -1.291, -0.898, -0.391, 0.108, -0.421, -0.938, 0.367
32500, -1.244, -1.148, -2.726, 34.268, -1.356, -0.563, -2.027, 27.267, -2.359, -0.996, -2.164, 34.863, -3.664, -3.215, 0.395, 34.407, -4.087, -3.132, 30.406, -5.402, 1.51, -3.641, 31.212, 0.198, -0.747, -1.928, -1.743, -1.551, -1.46, -1.53, -0.677, -1.1
33000, 0.236, -0.36, -2.058, 36.539, -0.891, -0.573, -0.966, 31.057, -2.673, -0.587, -0.877, 33.791, -1.796, -2.325, 0.706, 34.481, -2.383, -2.912, 30.215, -4.605, 1.043, -2.76, 39.311, 0.255, 0.18, -1.289, -0.201, -0.356, 0.234, -0.084, 0.089, 0.187
33500, -0.228, -0.304, -1.404, 35.34, -2.019, -0.532, -1.855, 29.71, -4.019, -1.386, -1.741, 34.25, -2.547, -1.624, -0.048, 34.983, -2.329, -3.19, 31.108, -2.666, -0.788, -2.362, 37.965, -0.687, 0.694, -0.649, -0.768, -0.347, 0.362, -0.694, -0.816, -0.636
34000, -0.793, -1.303, -1.502, 28.947, -1.134, -0.727, -1.504, 24.108, -2.811, -1.118, -0.571, 27.141, -2.461, -1.588, -0.442, 27.361, -2.411, -2.793, 24.175, -2.781, -0.349, -3.16, 29.852, -0.203, -0.847, -0.447, -0.068, -0.246, 0.47, 0.545, -0.332, -0.028
34500, -0.243, -0.872, -1.964, 19.422, -1.383, -2.149, -0.73, 17.942, -2.977, -0.448, -1.642, 17.773, -2.663, -2.151, -1.581, 17.144, -1.652, -2.896, 16.156, -2.805, -1.956, -2.744, 20.775, -0.788, -0.243, -2.085, -1.216, -0.811, -1.275, -0.57, 0.2, -0.003
35000, -0.248, -0.318, -1.635, 13.72, -1.633, -1.759, -0.847, 13.793, -3.153, -0.073, -1.214, 12.871, -1.537, -0.912, -0.094, 12.134, -2.016, -2.044, 12.343, -1.972, -1.111, -2.065, 15.858, -0.557, 0.351, -1.137, -0.798, -0.323, -0.225, -0.225, -0.026, -0.166
35500, -1.315, -1.472, -2.313, 9.297, -1.71, -1.495, -1.13, 8.934, -3.172, -1.414, -1.541, 9.028, -2.106, -1.097, -0.991, 7.858, -2.126, -1.812, 7.693, -2.367, -1.117, -1.528, 10.554, -0.93, -0.068, -1.731, -1.259, -0.588, -0.089, -0.327, -0.266, 0.623
36000, -0.454, -1.233, -1.56, 7.298, -0.926, -1.513, -1.254, 5.295, -3.307, -1.927, -1.511, 5.487, -2.089, -1.024, -1.116, 6.355, -1.874, -1.927, 6.608, -2.418, -1.82, -1.939, 8.133, -0.091, -0.08, -2.397, -0.606, -0.779, -1.3, -0.886, -0.456, -0.55
36500, -0.555, -0.428, -1.353, 5.131, -1.548, -1.751, -1.262, 5.23, -2.939, -0.494, -1.855, 4.989, -1.51, -1.13, -0.654, 4.523, -1.024, -1.84, 4.3, -2.204, -2.03, -1.867, 5.998, -1.437, -0.537, -1.3, -0.271, -0.337, -0.897, -0.243, -0.568, -0.459
37000, -0.016, 0.009, -0.94, 4.8, -0.543, -1.794, 0.105, 4.056, -2.145, -0.94, -0.494, 3.639, -1.824, -1.102, 0.026, 3.511, -0.725, -1.693, 3.894, -1.137, -1.125, -0.777, 4.467, -0.482, 0.164, -1.038, -0.25, 0.395, -0.03, -0.391, 0.996, -0.211
37500, 0.249, -1.271, -2.299, 4.348, -0.079, -2.025, -0.693, 2.785, -1.867, -0.681, -1.83, 2.159, -1.855, -1.399, -0.158, 3.284, -2.25, -2.317, 3.138, -0.943, -0.742, -1.946, 3.892, -1.332, -0.055, -0.383, -1.186, -0.578, -1.861, 0.006, -1.064, 0.097
