1970-01-01T00:30:19.654
-24.5683536529541, -28.79483985900879, -31.409788131713867, -34.1463623046875, -33.90311050415039, -28.764432907104492, -28.429964065551758, -24.294696807861328, -25.784608840942383, -31.288162231445312, -30.132720947265625, -33.02132797241211, -29.281341552734375, -33.69026565551758, -22.470314025878906, -16.875539779663086, -24.142663955688477, -17.45326042175293, -29.85906410217285, -20.28105354309082, -18.152606964111328, -19.551301956176758, -25.054855346679688, 3.3447015285491943, -18.821548461914062, -24.629165649414062, -21.710153579711914, -22.713563919067383, -9.18272590637207, -25.662982940673828, -20.858776092529297, -16.206600189208984

1970-01-01T00:30:19.694
-24.294696807861328, -27.061676025390625, -32.65644836425781, -32.778076171875, -33.59904861450195, -27.578584671020508, -30.01109504699707, -26.87923812866211, -24.689979553222656, -33.02132797241211, -29.55500030517578, -32.41320037841797, -28.460369110107422, -32.352386474609375, -23.078441619873047, -20.797962188720703, -24.933229446411133, -16.632287979125977, -32.200355529785156, -20.828369140625, -18.85195541381836, -18.791141510009766, -26.027860641479492, 2.8277931213378906, -19.399269104003906, -25.32851219177246, -20.949995040893555, -24.781198501586914, -9.821260452270508, -27.365739822387695, -21.37568473815918, -18.76073455810547

1970-01-01T00:30:19.734
-25.20688819885254, -29.159717559814453, -31.56182098388672, -34.78489685058594, -34.51123809814453, -30.31515884399414, -28.09549331665039, -27.943462371826172, -26.635988235473633, -33.963924407958984, -30.25434684753418, -34.35920715332031, -29.281341552734375, -31.713851928710938, -24.021038055419922, -21.710153579711914, -25.9670467376709, -16.54106903076172, -32.443607330322266, -19.855365753173828, -17.93976402282715, -19.36886215209961, -26.48395538330078, 1.733163595199585, -20.58511734008789, -24.173070907592773, -22.98722267150879, -22.622344970703125, -10.368575096130371, -23.139253616333008, -19.581707000732422, -15.385627746582031

1970-01-01T00:30:19.775
-20.76755714416504, -30.61922264099121, -33.355796813964844, -35.30180358886719, -35.180179595947266, -29.615812301635742, -30.193532943725586, -28.065086364746094, -25.845420837402344, -34.936927795410156, -32.89970016479492, -37.399845123291016, -31.440195083618164, -36.24440383911133, -24.81160545349121, -23.169660568237305, -26.453548431396484, -20.189834594726562, -32.29157257080078, -23.869007110595703, -19.642520904541016, -21.558122634887695, -27.33533477783203, -0.4256892800331116, -21.37568473815918, -27.24411392211914, -23.777788162231445, -24.872417449951172, -12.344989776611328, -27.213708877563477, -22.561532974243164, -20.068208694458008

1970-01-01T00:30:19.805
-21.254058837890625, -30.55841064453125, -30.680036544799805, -32.443607330322266, -35.271400451660156, -26.909645080566406, -30.041501998901367, -27.669803619384766, -24.781198501586914, -33.568641662597656, -32.93010711669922, -36.60927963256836, -29.737438201904297, -34.38961410522461, -24.446727752685547, -21.406089782714844, -24.781198501586914, -18.60870361328125, -31.105724334716797, -19.36886215209961, -17.848543167114258, -23.869007110595703, -27.213708877563477, 2.4933230876922607, -20.402679443359375, -21.13243293762207, -21.345277786254883, -22.89600372314453, -9.12191390991211, -23.96022605895996, -23.59535026550293, -16.510663986206055

1970-01-01T00:30:19.845
-21.74056053161621, -28.764432907104492, -33.53823471069336, -33.38620376586914, -33.75107955932617, -28.308338165283203, -29.889469146728516, -28.09549331665039, -25.541357040405273, -32.8084831237793, -31.136131286621094, -36.548465728759766, -29.919876098632812, -30.467191696166992, -24.35550880432129, -21.13243293762207, -24.872417449951172, -18.85195541381836, -32.200355529785156, -19.61211395263672, -18.00057601928711, -21.28446388244629, -25.997453689575195, 0.760159432888031, -20.433086395263672, -22.98722267150879, -23.625755310058594, -22.531126022338867, -11.888894081115723, -26.87923812866211, -19.91617774963379, -17.666105270385742

1970-01-01T00:30:19.886
-22.1966552734375, -28.825246810913086, -31.501007080078125, -30.193532943725586, -32.960514068603516, -29.676624298095703, -27.456958770751953, -26.331924438476562, -21.89259147644043, -32.38279342651367, -30.588815689086914, -35.8795280456543, -30.193532943725586, -29.524593353271484, -23.564943313598633, -19.794551849365234, -24.81160545349121, -16.206600189208984, -32.38279342651367, -18.943174362182617, -17.30122947692871, -20.068208694458008, -23.777788162231445, 2.067633628845215, -19.91617774963379, -25.2677001953125, -22.80478286743164, -23.443317413330078, -11.06792163848877, -27.000864028930664, -21.223651885986328, -16.054567337036133

1970-01-01T00:46:57.772
-24.294696807861328, -25.723796844482422, -32.93010711669922, -32.68685531616211, -31.440195083618164, -29.159717559814453, -28.855653762817383, -27.6393985748291, -25.57176399230957, -33.477420806884766, -29.585405349731445, -32.7476692199707, -30.31515884399414, -31.56182098388672, -24.05144500732422, -20.1594295501709, -25.054855346679688, -16.936351776123047, -30.892879486083984, -19.82495880126953, -17.69651222229004, -20.949995040893555, -26.48395538330078, 0.9121913313865662, -18.91276741027832, -23.41291046142578, -22.43990707397461, -22.622344970703125, -13.530838012695312, -23.321691513061523, -19.247238159179688, -17.93976402282715

1970-01-01T00:46:57.813
-24.477134704589844, -26.848831176757812, -32.504417419433594, -34.54164505004883, -33.99433135986328, -27.761022567749023, -28.03468132019043, -27.48736572265625, -25.085262298583984, -33.203765869140625, -28.551589965820312, -34.35920715332031, -29.828657150268555, -30.4063777923584, -25.20688819885254, -19.490488052368164, -24.689979553222656, -16.358631134033203, -30.497596740722656, -17.666105270385742, -16.662694931030273, -18.85195541381836, -26.635988235473633, 4.591362953186035, -17.75732421875, -24.05144500732422, -22.075031280517578, -22.59193992614746, -12.436208724975586, -25.054855346679688, -17.75732421875, -16.176193237304688

1970-01-01T00:46:57.853
-27.396146774291992, -28.977277755737305, -34.1767692565918, -34.1767692565918, -36.00115203857422, -30.497596740722656, -29.585405349731445, -29.615812301635742, -24.72038459777832, -34.663272857666016, -30.436784744262695, -35.423431396484375, -29.85906410217285, -31.348976135253906, -28.369150161743164, -22.409500122070312, -26.87923812866211, -17.514074325561523, -32.7476692199707, -21.07162094116211, -18.487077713012695, -23.139253616333008, -27.18330192565918, 1.5811316967010498, -20.493898391723633, -24.872417449951172, -22.531126022338867, -25.906234741210938, -13.226774215698242, -26.11907958984375, -20.919588088989258, -18.578296661376953

1970-01-01T00:46:57.893
-22.34868812561035, -29.433374404907227, -32.07872772216797, -32.352386474609375, -31.136131286621094, -29.433374404907227, -29.767845153808594, -25.845420837402344, -23.29128646850586, -32.869293212890625, -29.129310607910156, -31.77466583251953, -29.585405349731445, -29.70703125, -26.240703582763672, -17.270822525024414, -22.98722267150879, -15.902535438537598, -31.105724334716797, -20.007396697998047, -17.210010528564453, -21.953405380249023, -25.9366397857666, 1.2466615438461304, -21.314870834350586, -24.021038055419922, -24.537946701049805, -23.169660568237305, -12.101738929748535, -25.754201889038086, -18.487077713012695, -16.784320831298828

1970-01-01T00:46:57.934
-25.51095199584961, -29.55500030517578, -32.89970016479492, -31.196943283081055, -33.963924407958984, -30.102313995361328, -29.64621925354004, -27.365739822387695, -26.42314338684082, -32.261165618896484, -31.105724334716797, -36.36602783203125, -30.61922264099121, -30.953693389892578, -26.27111053466797, -20.58511734008789, -24.72038459777832, -17.818138122558594, -28.79483985900879, -21.010807037353516, -16.875539779663086, -20.46349334716797, -27.304927825927734, 2.402103900909424, -20.76755714416504, -25.541357040405273, -23.2000675201416, -24.872417449951172, -13.86530876159668, -25.57176399230957, -20.402679443359375, -17.0883846282959

1970-01-01T00:46:57.974
-24.385915756225586, -29.737438201904297, -32.68685531616211, -35.697086334228516, -34.1159553527832, -31.896289825439453, -28.429964065551758, -28.79483985900879, -24.72038459777832, -35.90993118286133, -32.65644836425781, -33.112545013427734, -32.89970016479492, -31.86588478088379, -25.81501579284668, -19.703332901000977, -25.389326095581055, -19.003986358642578, -30.193532943725586, -20.76755714416504, -19.703332901000977, -22.318281173706055, -27.79142951965332, 2.462916612625122, -22.1966552734375, -25.358919143676758, -21.862186431884766, -22.89600372314453, -11.06792163848877, -26.848831176757812, -21.406089782714844, -19.27764320373535

1970-01-01T00:46:58.014
-20.949995040893555, -29.281341552734375, -30.193532943725586, -34.207176208496094, -33.50782775878906, -29.919876098632812, -27.517772674560547, -25.176481246948242, -23.230472564697266, -30.223939895629883, -29.40296745300293, -33.26457595825195, -28.551589965820312, -32.62604522705078, -24.081851959228516, -18.791141510009766, -22.257469177246094, -17.270822525024414, -29.220529556274414, -21.953405380249023, -16.814727783203125, -19.186424255371094, -26.453548431396484, 2.128446578979492, -20.250648498535156, -22.622344970703125, -22.04462432861328, -23.65616226196289, -12.436208724975586, -25.723796844482422, -19.490488052368164, -17.666105270385742

1970-01-01T00:46:58.055
-23.8994140625, -28.734027862548828, -32.99092102050781, -35.697086334228516, -33.112545013427734, -27.578584671020508, -29.828657150268555, -28.521183013916016, -24.35550880432129, -33.051734924316406, -32.443607330322266, -34.815303802490234, -29.433374404907227, -33.02132797241211, -26.848831176757812, -18.517484664916992, -23.838600158691406, -19.125612258911133, -30.649629592895508, -20.52430534362793, -17.787731170654297, -19.399269104003906, -29.0076847076416, 0.6993467211723328, -19.642520904541016, -22.622344970703125, -24.65957260131836, -23.473724365234375, -12.314582824707031, -25.63257598876953, -19.703332901000977, -17.210010528564453

1970-01-01T00:46:58.095
-23.443317413330078, -27.48736572265625, -31.896289825439453, -34.63286590576172, -33.203765869140625, -27.913055419921875, -29.767845153808594, -27.54817771911621, -23.139253616333008, -31.531414031982422, -30.223939895629883, -31.531414031982422, -30.61922264099121, -31.25775718688965, -22.561532974243164, -18.639110565185547, -24.872417449951172, -18.152606964111328, -28.521183013916016, -20.76755714416504, -17.69651222229004, -18.183013916015625, -27.882648468017578, -0.030406378209590912, -18.00057601928711, -23.96022605895996, -22.652751922607422, -24.142663955688477, -12.223363876342773, -24.11225700378418, -20.554712295532227, -17.666105270385742

1970-01-01T00:46:58.136
-25.176481246948242, -28.673213958740234, -32.99092102050781, -33.90311050415039, -33.38620376586914, -26.81842613220215, -30.193532943725586, -29.85906410217285, -23.96022605895996, -31.22735023498535, -31.075319290161133, -34.78489685058594, -32.68685531616211, -34.60245895385742, -26.058265686035156, -22.622344970703125, -25.63257598876953, -18.821548461914062, -32.8084831237793, -22.652751922607422, -20.311460494995117, -20.88918113708496, -25.085262298583984, 2.4325103759765625, -18.60870361328125, -26.514362335205078, -20.797962188720703, -23.10884666442871, -12.618646621704102, -27.821836471557617, -21.466903686523438, -17.210010528564453

1970-01-01T00:46:58.176
-22.470314025878906, -28.70362091064453, -32.04832077026367, -32.869293212890625, -31.805070877075195, -27.6393985748291, -29.34215545654297, -27.761022567749023, -24.537946701049805, -28.521183013916016, -29.55500030517578, -34.480831146240234, -29.676624298095703, -31.683446884155273, -24.233882904052734, -21.649341583251953, -25.51095199584961, -18.85195541381836, -32.07872772216797, -22.014217376708984, -18.00057601928711, -18.183013916015625, -25.754201889038086, 4.621769428253174, -16.84513282775879, -21.89259147644043, -22.28787612915039, -25.784608840942383, -13.86530876159668, -25.146074295043945, -19.703332901000977, -14.382216453552246

1970-01-01T00:46:58.216
-24.872417449951172, -30.984100341796875, -34.085548400878906, -36.21399688720703, -36.67009353637695, -30.86247444152832, -31.683446884155273, -32.65644836425781, -25.784608840942383, -34.4504280090332, -30.588815689086914, -33.17335891723633, -34.38961410522461, -34.724082946777344, -25.87582778930664, -23.59535026550293, -24.325101852416992, -20.372272491455078, -33.29498291015625, -23.625755310058594, -23.96022605895996, -21.28446388244629, -28.429964065551758, 1.733163595199585, -19.21683120727539, -26.11907958984375, -23.2000675201416, -25.997453689575195, -12.770678520202637, -26.514362335205078, -22.014217376708984, -19.764144897460938

1970-01-01T00:46:58.257
-26.17989158630371, -29.190122604370117, -31.47060203552246, -34.23758316040039, -32.68685531616211, -28.09549331665039, -28.612401962280273, -29.463781356811523, -26.635988235473633, -34.663272857666016, -29.585405349731445, -34.1463623046875, -29.767845153808594, -32.65644836425781, -27.79142951965332, -21.254058837890625, -24.750791549682617, -21.37568473815918, -31.805070877075195, -22.28787612915039, -18.578296661376953, -22.470314025878906, -25.9670467376709, -0.9730041027069092, -20.341867446899414, -26.940052032470703, -22.926408767700195, -24.294696807861328, -14.990344047546387, -28.916465759277344, -19.794551849365234, -17.878950119018555

1970-01-01T00:46:58.297
-26.757612228393555, -27.48736572265625, -31.31856918334961, -33.29498291015625, -32.65644836425781, -28.49077606201172, -30.345565795898438, -29.737438201904297, -23.35209846496582, -31.01450538635254, -32.960514068603516, -36.97415542602539, -26.544767379760742, -28.64280891418457, -23.564943313598633, -22.926408767700195, -26.27111053466797, -17.69651222229004, -31.01450538635254, -18.274232864379883, -16.723508834838867, -20.828369140625, -26.757612228393555, 1.520318865776062, -19.21683120727539, -22.956815719604492, -24.689979553222656, -23.8994140625, -12.405802726745605, -25.693389892578125, -23.29128646850586, -18.60870361328125

1970-01-01T00:46:58.337
-24.781198501586914, -30.436784744262695, -34.420021057128906, -33.14295196533203, -33.32538986206055, -29.615812301635742, -28.94687271118164, -29.889469146728516, -24.081851959228516, -32.38279342651367, -32.07872772216797, -35.90993118286133, -31.653039932250977, -30.832067489624023, -23.59535026550293, -24.35550880432129, -25.41973304748535, -17.90935707092285, -29.0076847076416, -18.699922561645508, -17.14919662475586, -21.5277156829834, -27.24411392211914, 3.223076105117798, -18.426265716552734, -25.723796844482422, -22.105436325073242, -25.662982940673828, -12.953117370605469, -24.750791549682617, -19.67292594909668, -16.480257034301758

1970-01-01T00:46:58.378
-26.848831176757812, -29.524593353271484, -34.69367599487305, -33.50782775878906, -34.90652084350586, -29.889469146728516, -33.720672607421875, -30.55841064453125, -27.12248992919922, -35.63627624511719, -29.494186401367188, -35.84912109375, -32.8084831237793, -33.477420806884766, -28.217119216918945, -24.477134704589844, -27.18330192565918, -20.76755714416504, -31.62263298034668, -21.558122634887695, -22.652751922607422, -21.102025985717773, -27.761022567749023, -3.952829122543335, -23.10884666442871, -27.973867416381836, -24.994043350219727, -27.79142951965332, -16.723508834838867, -26.909645080566406, -22.470314025878906, -20.645931243896484

1970-01-01T00:46:58.408
-25.085262298583984, -28.277931213378906, -34.26799011230469, -34.085548400878906, -34.99774169921875, -29.615812301635742, -30.588815689086914, -26.970457077026367, -25.541357040405273, -34.1159553527832, -28.39955711364746, -32.443607330322266, -32.89970016479492, -30.801660537719727, -26.57517433166504, -20.88918113708496, -26.544767379760742, -18.30463981628418, -32.23076248168945, -21.13243293762207, -19.095205307006836, -22.50071907043457, -27.000864028930664, 0.9425977468490601, -22.166250228881836, -24.72038459777832, -22.652751922607422, -25.51095199584961, -11.311172485351562, -26.027860641479492, -19.946584701538086, -17.878950119018555

1970-01-01T00:46:58.449
-25.176481246948242, -28.673213958740234, -30.740848541259766, -32.99092102050781, -31.409788131713867, -29.767845153808594, -30.284751892089844, -25.450138092041016, -23.139253616333008, -31.16653823852539, -30.01109504699707, -32.960514068603516, -30.4063777923584, -29.828657150268555, -23.74738121032715, -20.007396697998047, -21.74056053161621, -17.970169067382812, -33.14295196533203, -20.858776092529297, -16.54106903076172, -19.67292594909668, -27.42655372619629, 1.3682869672775269, -19.27764320373535, -24.689979553222656, -24.05144500732422, -24.994043350219727, -12.101738929748535, -25.81501579284668, -20.1290225982666, -16.936351776123047

1970-01-01T00:46:58.489
-24.933229446411133, -28.18671226501465, -32.838890075683594, -33.50782775878906, -32.16994857788086, -28.551589965820312, -29.220529556274414, -28.308338165283203, -25.450138092041016, -31.744258880615234, -28.64280891418457, -34.02473831176758, -26.87923812866211, -32.261165618896484, -25.02444839477539, -19.186424255371094, -20.858776092529297, -19.125612258911133, -32.23076248168945, -21.13243293762207, -17.0579776763916, -18.152606964111328, -25.754201889038086, 3.4967334270477295, -19.855365753173828, -24.994043350219727, -24.26428985595703, -24.750791549682617, -10.885483741760254, -24.994043350219727, -19.30805015563965, -18.943174362182617

1970-01-01T00:46:58.529
-25.085262298583984, -29.190122604370117, -33.29498291015625, -33.112545013427734, -35.088958740234375, -29.524593353271484, -30.953693389892578, -28.18671226501465, -24.173070907592773, -35.058555603027344, -29.615812301635742, -35.697086334228516, -26.635988235473633, -31.653039932250977, -24.689979553222656, -19.125612258911133, -26.666393280029297, -16.905946731567383, -32.16994857788086, -20.037803649902344, -18.730329513549805, -19.733739852905273, -23.260879516601562, 1.1250360012054443, -18.730329513549805, -24.26428985595703, -22.50071907043457, -24.994043350219727, -11.250359535217285, -25.87582778930664, -20.949995040893555, -17.39244842529297

1970-01-01T00:46:58.570
-26.362329483032227, -31.531414031982422, -31.409788131713867, -32.595638275146484, -32.869293212890625, -31.075319290161133, -29.494186401367188, -27.882648468017578, -26.17989158630371, -33.112545013427734, -31.440195083618164, -36.9133415222168, -31.01450538635254, -34.63286590576172, -24.173070907592773, -18.943174362182617, -23.473724365234375, -21.162839889526367, -32.56523132324219, -20.402679443359375, -16.176193237304688, -18.882360458374023, -23.990633010864258, 1.6723507642745972, -21.98381233215332, -23.838600158691406, -25.784608840942383, -25.906234741210938, -10.398981094360352, -28.03468132019043, -22.68315887451172, -18.943174362182617

1970-01-01T00:46:58.610
-26.17989158630371, -28.217119216918945, -33.26457595825195, -33.14295196533203, -32.595638275146484, -28.916465759277344, -30.041501998901367, -28.15630531311035, -21.862186431884766, -33.50782775878906, -28.49077606201172, -34.26799011230469, -30.953693389892578, -29.676624298095703, -24.142663955688477, -20.737150192260742, -23.10884666442871, -16.024160385131836, -31.592226028442383, -19.399269104003906, -16.814727783203125, -20.189834594726562, -25.723796844482422, 0.0, -20.311460494995117, -24.173070907592773, -23.80819320678711, -24.994043350219727, -8.909069061279297, -24.5683536529541, -21.314870834350586, -20.737150192260742

1970-01-01T00:46:58.650
-23.8994140625, -27.54817771911621, -32.99092102050781, -32.62604522705078, -33.568641662597656, -28.79483985900879, -28.977277755737305, -29.767845153808594, -24.294696807861328, -32.261165618896484, -26.970457077026367, -33.051734924316406, -30.984100341796875, -30.86247444152832, -25.57176399230957, -18.00057601928711, -25.754201889038086, -17.635700225830078, -32.13954162597656, -21.28446388244629, -18.24382781982422, -19.338457107543945, -28.308338165283203, 2.5845420360565186, -19.855365753173828, -24.173070907592773, -22.713563919067383, -23.59535026550293, -10.976702690124512, -25.298107147216797, -21.770967483520508, -16.024160385131836

1970-01-01T00:46:58.691
-25.2677001953125, -28.79483985900879, -34.724082946777344, -34.38961410522461, -34.90652084350586, -28.247526168823242, -30.92328643798828, -30.55841064453125, -24.689979553222656, -33.112545013427734, -29.585405349731445, -36.943748474121094, -30.345565795898438, -30.4063777923584, -25.51095199584961, -20.493898391723633, -24.021038055419922, -17.0579776763916, -33.568641662597656, -23.382505416870117, -19.551301956176758, -19.794551849365234, -27.48736572265625, 0.4256892800331116, -20.311460494995117, -26.48395538330078, -24.781198501586914, -22.43990707397461, -12.010519027709961, -26.72720718383789, -20.311460494995117, -16.814727783203125

1970-01-01T00:46:58.731
-23.80819320678711, -27.79142951965332, -32.56523132324219, -33.720672607421875, -34.78489685058594, -26.149484634399414, -29.372560501098633, -27.365739822387695, -20.88918113708496, -32.68685531616211, -31.01450538635254, -37.12618637084961, -30.832067489624023, -29.159717559814453, -25.358919143676758, -19.003986358642578, -23.473724365234375, -16.875539779663086, -30.86247444152832, -21.710153579711914, -17.574886322021484, -19.885770797729492, -24.81160545349121, 1.0946296453475952, -21.5277156829834, -26.392736434936523, -23.625755310058594, -27.79142951965332, -11.280766487121582, -24.35550880432129, -18.24382781982422, -19.885770797729492

1970-01-01T00:46:58.772
-27.42655372619629, -30.801660537719727, -34.663272857666016, -32.869293212890625, -35.36261749267578, -28.460369110107422, -30.61922264099121, -31.044912338256836, -25.085262298583984, -32.29157257080078, -28.734027862548828, -36.639686584472656, -31.77466583251953, -31.683446884155273, -23.260879516601562, -20.22024154663086, -27.061676025390625, -19.095205307006836, -32.68685531616211, -21.74056053161621, -17.483667373657227, -19.91617774963379, -23.80819320678711, 1.1858487129211426, -20.037803649902344, -23.96022605895996, -25.389326095581055, -23.10884666442871, -12.55783462524414, -26.210298538208008, -21.89259147644043, -19.4600830078125

